215	166	406	417
215	166	406	417
214	166	406	417
215	166	406	416
215	167	406	416
215	168	406	417
215	168	407	417
216	168	407	417
216	167	408	417
216	168	407	415
216	166	407	413
217	164	407	406
217	160	406	402
216	154	403	397
217	151	403	389
217	151	403	377
217	149	400	368
218	150	399	356
219	149	397	350
220	148	394	342
222	147	392	336
222	147	389	328
222	149	387	326
222	152	382	322
222	155	380	319
222	155	378	318
222	155	379	317
221	155	379	317
221	156	380	316
220	155	379	319
217	152	381	325
215	151	383	327
215	151	383	331
215	148	384	330
216	148	386	340
216	151	388	349
211	150	389	360
210	148	391	371
208	149	393	377
209	151	393	387
206	154	393	396
203	155	393	402
203	162	394	407
201	166	396	413
200	167	397	420
200	170	397	422
200	170	397	423
199	172	398	424
199	174	397	424
200	175	397	424
200	174	397	424
200	176	396	423
199	174	396	424
200	173	397	423
199	170	396	422
199	170	396	422
198	171	396	423
199	174	395	425
200	178	396	433
201	179	396	442
202	182	396	449
201	190	398	457
202	199	401	463
200	214	401	467
198	227	399	468
195	249	404	474
197	254	406	476
195	252	402	473
193	218	390	466
192	203	388	464
192	190	388	455
195	180	389	443
192	169	389	431
192	163	391	420
194	162	390	412
194	161	390	407
195	156	389	403
195	155	389	402
196	154	389	401
195	155	390	402
195	156	391	403
196	156	391	404
197	158	391	404
198	158	391	404
198	159	390	405
198	159	390	406
198	160	390	406
198	160	391	407
197	161	391	406
198	160	390	407
215	166	406	417
215	166	406	417
214	166	406	417
215	166	406	416
215	167	406	416
215	168	406	417
215	168	407	417
216	168	407	417
216	167	408	417
216	168	407	415
216	166	407	413
217	164	407	406
217	160	406	402
216	154	403	397
217	151	403	389
217	151	403	377
217	149	400	368
218	150	399	356
219	149	397	350
220	148	394	342
222	147	392	336
222	147	389	328
222	149	387	326
222	152	382	322
222	155	380	319
222	155	378	318
222	155	379	317
221	155	379	317
221	156	380	316
220	155	379	319
217	152	381	325
215	151	383	327
215	151	383	331
215	148	384	330
216	148	386	340
216	151	388	349
211	150	389	360
210	148	391	371
208	149	393	377
209	151	393	387
206	154	393	396
203	155	393	402
203	162	394	407
201	166	396	413
200	167	397	420
200	170	397	422
200	170	397	423
199	172	398	424
199	174	397	424
200	175	397	424
200	174	397	424
200	176	396	423
199	174	396	424
200	173	397	423
199	170	396	422
199	170	396	422
198	171	396	423
199	174	395	425
200	178	396	433
201	179	396	442
202	182	396	449
201	190	398	457
202	199	401	463
200	214	401	467
198	227	399	468
195	249	404	474
197	254	406	476
195	252	402	473
193	218	390	466
192	203	388	464
192	190	388	455
195	180	389	443
221	98	425	354
220	96	425	354
221	95	424	354
221	95	424	354
221	94	424	354
220	93	424	353
220	93	423	353
220	91	422	351
221	91	423	349
221	90	423	347
221	88	422	342
221	86	423	337
222	86	423	331
223	84	422	327
224	82	421	324
224	83	420	320
225	83	419	316
224	82	419	309
225	81	417	302
225	82	416	300
226	78	415	296
227	78	415	292
227	78	415	290
227	78	416	287
228	78	416	285
227	77	416	284
227	77	416	282
226	76	416	283
226	76	416	284
226	77	416	285
227	78	417	286
227	79	417	288
226	79	415	292
226	79	415	296
223	78	414	299
222	79	415	302
221	80	416	312
221	81	417	320
219	80	419	326
219	84	420	330
216	85	421	339
216	85	419	343
216	86	420	350
215	88	421	354
214	91	422	360
215	94	421	365
215	97	422	370
214	102	423	373
215	105	423	374
214	105	423	374
214	104	423	374
214	103	423	373
214	103	422	372
214	102	422	372
214	103	422	373
213	104	422	375
214	105	422	375
212	105	421	377
212	105	422	380
212	111	423	385
211	113	423	396
211	114	422	399
209	117	422	410
210	127	420	414
211	130	423	424
210	148	423	427
213	156	421	431
213	166	419	439
214	180	417	441
210	197	414	445
209	204	414	446
210	211	412	446
210	216	411	446
208	216	411	447
209	215	411	447
207	212	411	447
208	209	411	446
207	207	411	446
206	206	412	445
207	202	412	445
207	203	412	444
207	206	412	444
206	207	412	444
214	86	433	374
214	85	433	374
214	86	433	374
213	86	432	373
214	86	433	373
214	85	433	373
213	86	433	373
213	86	432	373
213	86	432	374
212	86	432	373
212	86	432	373
212	85	431	372
213	81	431	370
212	75	431	364
211	71	432	353
210	67	429	347
211	63	425	334
211	56	424	321
211	53	421	316
212	51	421	309
213	51	421	300
215	51	421	297
215	49	421	296
216	50	421	293
218	50	421	293
218	50	421	293
217	50	421	295
217	50	422	297
216	50	421	299
214	49	421	304
213	49	420	313
211	52	420	319
211	53	423	323
210	60	422	338
208	62	428	348
209	65	428	353
208	68	428	362
208	76	430	370
210	75	432	378
209	80	432	382
207	83	433	384
207	84	434	385
207	83	434	384
204	84	433	381
203	84	431	380
203	89	428	376
203	89	428	377
203	89	427	377
202	83	428	382
201	84	430	386
201	83	433	393
202	84	431	403
207	94	428	424
206	95	430	445
206	103	433	455
202	109	431	456
204	162	359	360
204	161	359	360
205	162	359	360
205	162	360	360
205	163	360	361
205	163	360	361
206	162	361	360
206	163	361	359
206	161	361	359
206	159	360	356
204	157	360	353
203	156	359	349
203	155	359	347
203	154	361	343
204	152	361	340
205	151	361	336
207	151	361	334
208	151	361	330
208	149	361	327
209	149	361	325
209	146	361	322
211	146	360	319
211	147	361	316
212	147	360	312
213	147	360	309
209	143	361	307
210	142	361	306
210	143	360	305
210	143	360	306
212	146	358	309
211	146	359	312
208	143	359	320
207	147	359	325
206	147	359	330
204	149	359	335
202	149	358	340
201	151	359	345
200	154	359	348
201	156	358	354
202	157	359	361
200	164	358	366
201	169	358	368
201	170	358	369
201	171	357	369
201	171	357	369
202	172	357	369
200	172	360	373
200	171	360	376
201	172	363	381
201	175	364	386
203	177	364	394
203	180	363	404
204	185	363	408
204	186	363	417
203	193	364	419
202	201	364	419
202	208	363	422
199	210	363	424
195	216	359	425
192	220	359	426
192	221	359	427
192	226	359	427
193	228	357	428
192	228	357	428
192	226	357	428
191	225	357	427
190	223	358	427
190	221	357	427
192	216	358	427
191	211	360	423
193	205	360	420
192	200	358	418
192	189	358	416
191	185	358	410
191	179	358	405
192	173	358	399
191	170	356	383
191	165	356	373
192	158	358	365
194	151	356	354
194	152	355	349
194	153	354	346
195	149	355	345
196	149	356	341
197	150	355	339
197	150	355	339
197	150	355	340
197	150	355	341
